13.3
13.4
13.3
13.6
14.1
14.3
14.4
14.4
14.0
14.0
14.1
14.1
14.2
14.4
14.7
14.4
14.8
15.2
15.4
15.7
15.8
15.9
15.6
15.6
15.6
16.0
16.4
16.1
15.9
16.0
16.8
14.3
14.2
14.3
14.0
13.8
14.3
14.7
14.1
14.7
15.3
15.1
14.2
14.3
15.5
16.1
16.1
16.1
16.5
17.1
17.4
17.1
17.3
16.9
16.1
16.2
16.6
16.7
17.7
17.1
17.2
17.1
16.7
16.4
16.8
17.5
17.7
16.6
16.9
17.5
17.4
17.7
18.4
18.5
18.8
19.0
19.1
18.0
17.0
18.2
19.3
19.5
18.6
19.4
19.5
18.5
19.2
20.1
20.4
20.7
19.9
19.8
19.5
18.4
19.5
20.4
20.5
20.8
21.3
20.4
20.6
20.7
20.0
19.9
19.4
20.4
20.6
20.4
20.5
20.3
21.4
21.8
21.7
21.1
21.9
22.2
22.0
22.0
21.6
21.5
22.5
22.0
22.5
22.5
23.0
22.9
23.2
23.1
23.0
22.5
23.1
21.9
21.6
22.3
23.3
24.0
23.6
23.8
23.8
24.0
23.2
22.9
22.7
23.6
24.3
23.9
24.9
25.2
24.8
23.9
23.1
23.8
24.0
23.6
24.0
24.7
24.5
25.2
25.4
25.8
25.8
26.0
26.5
26.8
26.1
25.6
26.3
25.5
25.5
25.0
25.2
25.7
26.5
27.1
26.4
26.3
26.3
26.7
26.3
26.7
26.5
25.0
25.1
25.5
25.0
25.2
25.0
24.1
24.2
24.4
24.9
24.8
25.0
24.5
25.1
24.7
23.9
24.2
23.2
24.2
24.1
24.0
24.2
24.5
25.3
25.6
26.3
25.7
25.8
25.2
25.4
24.7
26.8
26.9
26.8
27.1
26.9
26.9
27.3
27.5
27.2
27.0
26.5
27.0
26.9
26.5
26.2
26.4
26.9
26.6
26.2
25.3
25.1
25.7
25.7
26.2
26.0
26.1
25.3
25.2
24.4
24.9
25.3
29.5
29.5
29.7
29.2
29.2
29.2
29.3
29.0
27.8
28.0
27.8
27.7
27.0
26.1
26.4
26.8
27.5
28.5
28.8
28.3
28.0
28.2
27.8
27.1
26.9
26.7
26.5
26.0
25.7
25.6
22.4
22.9
22.7
22.5
22.8
22.6
21.4
19.3
20.3
20.4
20.5
21.0
20.5
20.6
20.9
20.5
20.8
20.9
20.6
20.3
20.2
19.9
20.2
20.0
19.0
18.1
17.8
18.1
18.5
18.7
18.2
15.9
15.9
15.9
15.9
15.6
15.7
15.8
14.9
14.5
14.7
14.9
13.1
12.3
12.3
12.7
13.0
13.1
12.8
12.9
13.2
13.0
13.1
12.2
11.8
12.0
12.0
12.0
11.8
11.8
12.2
13.5
13.5
13.5
13.0
13.0
12.8
12.2
11.7
11.7
11.6
11.9
12.0
11.9
11.8
11.8
11.7
11.4
11.0
11.0
10.9
11.4
11.7
11.6
11.8
11.7
11.7
11.4
11.4
11.1
10.7
10.7