13.2
13.5
13.5
12.8
13
13.6
13.8
13.8
14.7
14.9
14
14.2
14.7
14.6
14
14.1
14.1
14.1
14
14.4
13.8
13.3
13.9
13.9
13.5
13.1
13.4
13.7
13.9
13.9
14.1
14.6
14.7
14.8
14.6
14.6
14.7
14.7
13.4
13.1
13.5
13
13
13.6
13.9
14
13.9
11.8
11.5
10.7
10.5
10.9
11.5
11.4
11.1
11.1
11.4
12.5
13.5
13.7
13.4
13.3
12.6
12.8
13.1
13.3
14
13.6
13.8
14.4
14.8
14.7
14.2
13.3
13.9
14.3
14.5
15.3
15.7
16.5
16.1
15.7
15.5
15.3
15.3
15.7
16.2
16.3
16.4
16
16.2
16.7
16.8
16.7
17.3
18.3
18.9
18.6
18.2
17.8
18
17.8
17.2
18
18.7
18.7
18.3
19
19
18.7
19.2
19.9
20
20.1
20.3
20.3
20.1
19.2
18.5
18.6
19
19.5
20.1
21
21.3
20.5
19.6
20.2
19.7
20.2
20.4
20.9
21.1
20.9
20.6
20.3
19.5
19.5
19.9
20.3
19.6
20
20.3
20.8
20.8
20.3
20.2
20.9
21.7
21.7
21.7
22
22.3
22.6
22.9
22.8
22.8
22.5
22.5
22.1
21.9
22.5
22.3
22.1
22.3
22.5
22.2
22.5
22.8
23.4
23.6
23.3
23
22.9
23.1
23.3
23.2
23.3
22.7
22.7
22.9
23.4
23.2
23.1
23.2
23.6
23.5
23.5
23.6
23.5
23.5
23.6
23.6
24.1
24.1
24.2
24.1
24.1
24.3
24.1
24.1
24.2
24.2
24.7
24.4
24
24.2
24.4
24.2
24
23.8
23.6
24.2
24.4
24.3
24.2
24
23.7
23.8
23.7
23.4
23.6
23.7
23.4
23.3
23
22.6
22.9
22.9
23
23.3
22.8
22.5
22.3
22.8
22.7
22.8
22.6
22.9
22.5
22.6
22.5
22.9
22.7
22.2
22.3
22.3
22
22.1
22.3
22.1
22.1
22.3
22.1
21.6
21.4
21.1
21.1
21.4
21.5
21.2
20.5
20.7
20.6
20.6
19.9
20
20.1
20.4
20.3
20.3
20.5
20.3
20
19.9
19.3
19
19.1
18.8
17.8
17.6
17.6
17.2
17.2
17.7
18.1
18.5
17.7
17.7
17.1
17.5
17.2
16.9
16.7
17.4
18.1
17.8
17.9
17.4
17.7
17.5
17.7
17.2
17.1
17.1
17.3
17.5
17.3
17.2
16.9
17
16.1
15.9
16.2
16.4
15.8
16.1
16.4
16.4
16.4
16.1
15.6
15.5
16.2
16.4
16.4
16.1
16.1
14.5
14.6
14.4
15.2
15.3
14.2
14.7
15
13.6
13.9
14.2
14.9
14.9
14.8
15
14.2
14.2
13.6
13.4
14.1
14.5
14.1
13.9
13.8
13.9
14
14.3
14.7
14.3
14.8
14.4
13.1
12.6
11.9
11.7
12.6
13.5
