0.2
0.1
0.15
0.3
0.3
0.3
0.6
0.5
0.3
0
0.1
0.2
0.3
0.1
0.15
0.1
0
0
0.05
0
0
0.05
0.05
0
0
0
0
0
0.1
0.1
0.2
0.25
0.15
0.1
0.05
0
0
0.1
0
0
0
0
0
0
0
0
0
0
0.1
0.2
0.15
0.2
0.2
0.45
0.2
0.2
0.2
0.6
0.8
0.55
0.6
0.55
0.55
0.5
0.8
0.9
0.8
0.75
0.7
0.6
0.95
2
2.8
3.8
2.3
3.8
5
4.7
4.7
4.9
5.6
5.4
4.6
4.8
4.7
5.35
6
6.55
5.95
6.05
5.65
6.2
6.6
6.85
7.35
8.05
8.3
8.7
9.15
6.95
7.65
8.35
10.05
8.3
8.6
9.4
10.5
11.25
11.45
10.25
9.85
10.7
11.4
11.8
11.65
11
11
10.65
10.5
10.8
10.75
9.1
10.5
11.6
12.65
13.9
14.7
14.8
14.55
14.2
13.05
12.15
12.5
13.6
13.25
15.05
16.15
15
15.7
15.6
15
14.6
16.2
16.2
16.95
17.8
17.15
17.1
17.4
18.1
17.2
16.55
18.6
20.1
19.35
20.5
20.6
20.25
20.6
21
21.8
21.55
21.85
21.2
19.95
20.6
20.95
20.7
20.65
20.8
21.2
21.4
22
21.35
20.2
20.1
20.8
20.8
20.55
21.2
21.55
20.65
21
21.4
22.45
22.75
23.4
24.75
24.7
24.05
24.5
24.35
25.3
25.5
24.95
24.8
24.25
24.95
26.4
25.65
25.15
24.75
25.95
25.3
25
25.7
25.2
24.9
23.1
22.85
23.25
23.8
23.7
24.7
24.6
24.2
23.6
23
24.3
23.4
23.8
23.2
23.55
23.45
23.1
23.7
23.4
23.2
23.6
23.2
23.5
22.1
21.8
22.35
22.45
23.15
22.25
21.8
22.2
21.65
22.25
22.45
22.4
21.6
21.3
21.8
21.7
22.4
22.5
20.55
19.4
20.05
19.55
19.05
19.35
19
18.45
18.95
18.85
17.9
18.65
18.45
19.05
18.4
18
18.5
17.8
18
18.3
17.6
17.35
16.45
16.05
15.95
15.75
15.65
14.6
13.95
13.35
13.3
13.5
14
13.1
11.7
12.4
12.2
12.2
12
11.3
11.75
11
11.7
11.8
11.35
12
12.2
11.4
10.75
10.1
9.95
9.65
8.25
9.5
9.15
8.9
8.55
8
8.2
8.15
7.8
6.65
6.15
6.5
6.75
4.3
2.9
2.35
3.7
4.6
4.85
5.25
4.6
3.6
2.85
2.35
2.1
3
3.5
3.4
2.2
2.6
2.5
1.5
1.45
1.75
1.9
1.7
3.1
1
0.55
0.3
0.35
0.25
0.3
0.3
0.3
0.55
0.75
0.6
0.85
0.55
0.7
0.85
0.4
0.65
0.55
0.55
0.35
0.6
1
1.45
0.3
0.2
0.2
0.5